0.35106
0.6989
0.45961
0.19407
0.32143
0.43378
0.41309
0.67025
0.41912
0.26181
0.56256
0.42997
0.44877
0.18031
0.14695
0.56028
0.27503
1.0229
0.34636
0.28398
0.59709
0.30938
0.1354
0.35205
0.50042
0.49694
0.42844
0.21232
0.3729
0.27925
1.1659
0.44772
0.35824
0.34116
0.22373
0.43237
0.41451
0.31573
0.21771
0.65099
0.70909
0.38168
0.60718
0.17003
0.38088
0.78749
0.55002
0.45593
0.36854
0.26607
0.16775
0.33497
0.5173
0.55298
0.33624
0.53274
0.54665
0.47588
0.29342
0.32517
0.62141
0.25706
0.67217
0.71596
0.39142
0.38179
0.27475
0.2918
1.1872
0.34568
0.53117
0.42812
0.5577
0.35516
0.34768
0.1224
0.24302
0.70559
0.34192
0.45444
0.38057
1.0102
0.19163
0.60056
0.19007
0.31344
0.31479
0.58971
0.414
0.23321
0.58886
0.099095
0.45402
0.78286
0.56583
0.52421
0.27442
0.26168
0.098285
0.44299
0.58046
0.39054
0.19387
0.35719
0.66791
0.46425
0.34327
0.44467
0.41578
0.41323
0.33577
0.23463
0.35953
0.41052
0.44844
0.48073
0.30628
0.76799
0.42671
0.54322
0.36273
0.50285
0.34166
0.64384
0.37707
0.32534
0.98212
0.10814
0.47775
0.39703
0.43705
0.44819
0.36337
0.1033
0.15418
0.16814
0.49404
0.56469
0.27918
0.51678
0.20081
0.47171
0.71312
0.6153
0.37608
0.66398
0.32343
0.26625
0.16356
0.30627
0.21111
0.21923
0.21075
0.21459
0.62498
0.19004
0.47747
0.48914
0.38515
0.45307
0.15209
0.22393
0.25589
0.32325
0.33759
0.59915
0.31977
0.50895
0.20868
0.42535
0.41038
0.18253
0.46723
0.51842
0.49049
0.48697
0.36064
0.48556
0.20582
0.35121
0.40875
0.48122
0.18054
0.47405
0.55637
0.56703
0.21424
0.51151
0.31711
0.35875
0.52056
0.31698
0.36158
0.48216
0.46806
0.42338
0.29844
0.25981
0.57437
0.3851
0.68986
0.27757
0.39883
0.94227
0.43921
0.32268
0.25092
0.12756
0.43525
0.22876
0.16963
0.3894
0.49445
0.52719
0.48574
0.19207
0.41654
0.45483
0.22752
0.47127
0.6013
0.15359
0.56825
0.27152
0.46118
0.54682
0.18722
0.58842
0.27998
0.41725
0.25577
0.56497
0.57992
0.24838
0.38846
0.33001
0.38711
0.25088
0.2723
0.26094
0.61328
0.48714
0.34848
0.32838
0.16469
0.090595
0.20647
0.4698
0.29062
0.2493
0.60545
0.20368
0.35286
0.32118
0.22547
0.35116
0.4517
0.50526
0.69827
0.6885
0.43383
0.82786
0.42439
0.33018
0.46365
0.22808
0.28578
0.2415
0.38143
0.56094
0.26396
0.27327
0.51061
0.30587
0.31182
0.99016
0.42042
0.2552
0.40087
0.38255
0.55791
0.47102
0.62671
0.33101
0.54444
0.26499
0.65678
0.47658
0.29115
0.19456
0.47485
0.60658
0.6018
0.55596
0.59467
0.14678
0.54591
0.33314
0.14745
0.53314
0.25011
0.17607
0.39828
0.32202
0.38514
0.35892
0.303
0.30389
0.24764
0.20849
0.44792
0.62212
0.57265
0.6843
0.60745
0.33521
0.41976
0.38698
0.37122
0.23059
0.21867
0.48707
0.2581
0.1674
0.20636
0.46232
0.13113
0.41349
0.47791
0.3344
0.38014
0.55101
0.10585
0.59812
0.30615
0.4332
0.4607
0.56776
0.47784
0.60714
0.42649
0.50894
0.19707
0.34676
0.8945
0.38736
0.35692
0.4305
0.36233
0.36641
0.30748
0.2833
0.22925
0.51537
0.36494
0.19778
0.24538
0.44371
0.78482
0.75267
0.33803
0.63902
0.44719
0.42606
0.3815
0.56086
0.5178
0.2949
0.42119
0.15023
0.61811
1.0122
0.38532
0.15422
0.54857
0.33406
0.45466
0.4609
0.60045
0.60689
0.6379
0.55053
0.34849
0.65231
0.17345
0.30112
0.43062
0.46651
0.24869
0.61557
0.4228
0.30417
0.49331
0.53322
0.38345
0.12937
0.3391
0.43104
0.37535
0.39603
0.35629
0.49725
0.42487
0.53815
0.35149
0.58708
0.18531
0.11649
0.40544
0.44709
0.11067
0.29584
0.25104
0.39416
0.48627
0.19202
0.22425
0.53857
0.54323
0.5637
0.17274
0.65273
0.46891
0.57809
0.62467
0.22644
0.47656
0.36154
0.33698
0.68587
0.24462
0.24862
0.39265
0.34258
0.68428
0.43763
0.26609
0.43513
0.34308
0.38869
0.71231
0.68145
0.27577
0.26453
0.60214
0.23549
0.17393
0.52159
0.35963
0.30292
0.39936
0.35014
0.63541
0.50227
0.29619
0.4192
0.23804
0.6558
0.31186
0.29122
0.61187
0.30194
0.4917
0.15
0.48248
0.63856
0.27851
0.45956
0.39667
0.31128
0.28027
0.23512
0.31985
0.46318
0.095176
0.41203
0.90662
0.28447
0.45946
0.46055
0.13863
0.26537
0.40852
0.54852
0.61824
0.31261
0.28882
0.066852
0.4007
0.20627
0.15179
0.40676
0.74469
0.41423
0.43113
0.37226
0.27677
0.19561
0.42097
0.54143
0.36517
0.60549
0.27256
0.29333
0.48075
0.67999
0.23366
0.62458
0.44037
0.27593
0.29238
0.11905
0.42179
0.56987
0.51046
0.3986
0.32868
0.5721
0.16249
0.44476
0.70432
0.49237
0.14324
0.24353
0.50199
0.40095
0.23757
0.43013
0.52082
0.20844
0.17822
0.64024
0.21606
0.70275
0.46128
0.35296
0.74033
0.17457
0.38224
0.61217
0.42342
0.39828
0.38639
0.52662
0.22475
0.50205
0.53615
0.46715
0.3107
0.3034
0.53697
0.40301
0.38801
0.31095
0.19365
0.54581
0.31434
0.88648
0.32597
0.44205
0.27602
0.43834
0.47984
0.35525
0.47915
0.21641
0.57495
0.50951
0.58153
0.50061
0.53718
0.3429
0.26156
0.59641
0.32753
0.55286
0.2915
0.26192
0.23279
0.36358
0.515
0.41071
0.31248
0.34664
0.51644
0.39468
0.13957
0.52225
0.34946
0.46179
0.41165
0.21763
0.6681
0.18672
0.32938
0.59046
0.16178
0.49303
0.56649
0.38986
0.34673
0.37978
0.27544
0.2316
0.1885
0.23294
0.32855
0.42092
0.29683
0.34061
0.14652
0.65513
0.2709
0.48117
0.20932
0.19915
0.81613
0.60637
0.26749
0.44034
0.16089
0.98379
0.41731
0.71209
0.2096
0.4575
0.25218
0.29023
0.43816
0.22132
0.56529
0.27032
0.30512
0.18281
0.54366
0.50639
0.27324
0.37537
0.45603
0.22647
0.63297
0.30632
0.2277
0.51971
0.39784
0.25153
0.17373
0.4253
0.52918
0.28826
0.34319
0.28946
0.16693
0.33118
0.26851
0.078305
0.58676
0.143
0.18281
0.26077
0.49925
0.39636
0.20474
0.69665
0.32411
0.70284
0.64724
0.63827
0.27602
0.48836
0.31894
0.18814
0.55997
0.38664
0.51312
0.4579
0.61881
0.2107
0.57515
0.51005
0.4328
0.67164
0.39329
0.1888
0.37475
0.27651
0.17141
0.44141
0.31066
0.17698
0.20922
0.4428
0.24277
0.24783
0.30327
0.19687
0.33938
0.26707
0.63283
0.50495
0.32099
0.38049
0.52501
0.31253
0.56247
0.34774
0.51507
0.38176
0.1955
0.56275
0.43559
0.38988
0.34908
0.25569
0.26643
0.64466
0.551
0.16654
0.64043
0.81947
0.29219
0.37265
0.46321
0.24253
0.46186
0.29383
0.21758
0.39676
0.41146
0.18075
0.36864
0.26537
0.48495
0.25897
0.3585
0.42272
0.37844
0.62861
0.11896
0.70043
0.36884
0.48765
0.62367
0.13508
0.27973
0.64605
0.56446
0.76296
0.42931
0.62036
0.088265
0.67905
0.42979
0.16984
0.2391
0.44266
0.70513
0.85464
0.56921
0.48809
0.3486
0.85575
0.76692
0.45314
0.41679
0.30015
0.27914
0.44485
0.43466
0.19416
0.38172
0.4143
0.18357
0.1579
0.36579
0.25797
0.17278
0.30557
0.37201
0.56543
0.47792
0.52737
0.32933
0.20585
0.15939
0.34193
0.41508
0.098577
0.27667
0.27487
0.18926
0.65202
0.53702
0.34093
0.56442
0.29855
0.36433
0.49236
0.78695
0.11529
0.25428
0.15858
0.39842
0.21156
0.35434
0.41008
0.36103
0.31993
0.46145
0.34096
0.23438
0.4484
0.3178
0.37716
0.47982
0.43705
0.46492
0.62027
0.33121
0.17587
0.20936
0.19818
0.43882
0.25408
0.23739
0.96115
0.34155
1.2886
0.55764
0.48408
0.41354
0.70858
0.71158
0.49772
0.41785
0.59797
0.56998
0.27227
0.37073
0.28577
0.42382
0.31018
0.32253
0.40705
0.27083
0.46529
0.17071
0.31052
0.5105
0.33919
0.50298
0.23927
0.21005
0.29766
0.19011
0.31886
0.251
0.31692
0.4055
0.33204
0.43144
0.49551
0.42995
0.42591
0.62043
0.40049
0.18009
0.47673
0.37078
0.39811
0.39667
0.16308
0.3889
0.2914
0.21644
0.43501
0.21891
0.25656
0.57453
0.40894
0.57635
0.21478
0.42387
0.40969
0.46929
0.58805
0.25557
0.89404
0.20625
0.4677
0.26503
0.45333
0.10838
0.1844
0.23284
0.29405
0.62442
0.35846
0.4448
0.4781
0.32466
0.79187
0.23184
0.64792
0.64305
0.38729
0.3369
0.60906
0.53713
0.13891
0.34465
0.46011
0.5839
0.63066
0.45088
0.39723
0.12464
0.48211
0.19006
0.23314
0.82742
0.17869
0.44491
0.66153
0.087701
0.17848
0.63334
0.29618
0.37337
0.29408
0.43399
0.51231
0.32186
0.089425
0.49548
0.095052
0.27918
0.32291
0.3324
0.35475
0.345
0.3278
0.65541
0.27184
0.46252
0.26992
0.25886
0.27588
0.40971
0.52113
0.42302
0.48969
0.65704
0.31039
0.50518
0.22794
0.39576
0.24957
0.79843
0.46399
0.44664
0.27582
0.10724
0.7139
0.27423
0.29141
0.36423
0.90829
0.6008
0.38381
0.11778
0.54609
0.46543
0.10277
0.43721
0.32781
0.46424
0.50412
0.42431
0.57497
0.062078
0.17622
0.79048
0.40774
0.26675
0.31124
0.51948
0.39967
0.22835
0.54807
0.52679
0.34822
0.73466
0.18195
0.23675
0.53453
0.38642
0.33604
0.54693
0.24659
0.4303
0.38022
0.30604
0.84919
0.42572
0.78857
0.35886
0.73884
0.28624
0.38834
0.4883
0.35584
0.63324
0.33732
0.14819
0.16046
0.37505
0.51746
0.37767
0.35613
0.50824
0.32843
0.39883
0.40297
0.22025
0.56254
0.068831
0.44972
0.2796
0.069823
0.62229
0.54009
0.43222
0.19959
0.48483
0.4449
0.43834
0.29026
0.72282
0.41677
0.47107
0.17618
0.26033
0.23379
0.63134
0.42805
0.33948
0.20356
0.43037
0.52171
0.31308
0.25068
0.44603
0.25915
0.34268
0.45384
0.34502
0.44408
0.36367
0.23597
0.49507
0.32278
0.23536
0.29497
0.19476
0.23806
0.32676
0.64594
0.2811
0.73757
0.16948
0.16535
0.5573
0.46262
0.53493
0.32324
0.43063
0.46062
0.63509
0.79888
0.48674
0.24706
0.32388
0.1891
0.31917
0.65918
0.24447
0.45595
0.57054
0.51712
0.4115
0.25701
0.23861
0.59388
0.60234
0.49548
0.22235
0.52011
0.44031
0.5377
0.30489
0.34436
0.30551
0.23071
0.49653
0.18337
0.36295
0.48956
0.31301
0.25741
0.30072
0.53825
0.30871
0.27119
0.14131
0.13914
0.3818
0.36078
0.62758
0.50726
0.16697
1.1333
0.62367
0.24213
0.4213
0.48589
0.32899
0.51658
0.56542
0.3491
0.17007
0.2864
0.29535
0.49949
0.33435
1.1189
0.26962
0.93456
0.29675
0.26045
0.41328
0.24636
0.50632
0.39334
0.31525
0.35077
0.25248
0.31634
0.3259
0.33901
0.2091
0.41392
0.35441
0.20102
0.16253
0.21041
0.298
0.36287
0.51043
0.46369
0.74425
0.33035
0.22693
0.37079
0.49108
0.49962
0.68877
0.22877
0.32733
0.96809
0.50919
0.34351
0.49765
0.54724
0.18446
0.35521
0.44698
0.64946
0.35056
0.57993
0.35377
0.4719
0.36813
0.51375
0.32095
0.62017
0.33755
0.3338
0.23309
0.26202
0.32457
0.43488
0.30039
0.4086
0.89968
0.2042
0.58797
0.27615
0.58459
0.42884
0.45792
0.37174
0.29636
0.27019
0.22935
0.48803
0.41448
0.63068
0.22293
0.45441
0.37017
0.52587
0.68426
0.54962
0.41441
0.46003
0.14056
0.82957
0.4274
0.69475
0.51697
0.55771
0.38828
1.0344
0.29619
0.54511
0.3098
0.18978
0.43864
0.46914
0.21365
0.14332
0.21407
0.3592
0.25418
0.2358
0.32099
0.39567
0.20024
0.43856
0.36138
0.67751
0.6277
0.63446
0.45879
0.3514
0.13259
0.64925
0.32394
0.39124
0.40584
0.52674
0.38696
0.78091
0.69427
0.16413
0.40589
0.18299
0.51959
0.20471
0.36827
0.22356
0.39312
0.35452
0.24378
0.62035
0.15095
0.28596
0.21636
0.5368
0.63399
0.20936
0.84197
0.59387
0.1791
0.29538
0.26602
0.247
0.21835
0.41123
0.47809
0.13687
0.39463
0.43564
0.32501
0.4378
0.46773
0.40506
0.32529
0.23254
0.49817
0.5703
0.43233
0.37591
0.12031
0.40436
0.54074
0.3893
0.49667
0.13116
0.32859
0.19217
0.42724
0.36646
0.23006
0.42809
0.53769
0.73285
0.1627
0.41224
0.36942
0.28057
0.38071
0.51132
0.29017
0.44725
0.26324
1.1854
0.31533
0.1804
0.48416
0.24344
0.52923
0.46215
0.42637
0.19722
0.30782
0.37905
0.43291
0.29273
0.36304
0.83531
0.45486
0.17135
0.31346
0.20354
1.1155
0.36121
0.51855
0.14415
0.7281
0.39283
0.30544
0.52795
0.21601
0.43233
0.5846
0.56204
0.53557
0.45379
0.3497
0.18564
0.33706
0.88235
0.26844
0.25449
0.39754
0.55758
0.25408
0.62469
0.26993
0.4727
1.2
0.4443
0.36783
0.14935
0.18752
0.64323
0.29875
0.33913
0.47306
0.19169
0.26687
0.36937
0.39285
0.16758
0.29444
0.3569
0.40057
0.1187
0.41226
0.47748
0.41258
0.41412
0.17587
0.42965
0.61048
0.2862
0.28443
0.35278
0.62133
0.42441
0.46828
0.52392
0.38027
0.3474
0.40408
0.38331
0.28961
0.38279
0.54424
0.33579
0.30052
0.36171
0.33135
0.46086
0.11689
0.50288
0.34443
0.30361
0.34942
0.1889
0.49157
0.60478
0.44348
0.1928
0.25207
0.23965
0.17213
0.44424
0.38532
0.50333
0.2385
0.24899
0.2966
0.39582
0.52755
0.64116
0.43948
0.31661
0.64527
0.32403
0.33745
0.68099
0.34566
0.51537
0.40436
0.3944
0.32874
0.2872
0.39121
0.42762
0.64541
0.60656
0.2559
0.51167
0.37254
0.42818
0.42639
0.25882
0.53819
0.45797
0.3144
0.61741
0.38727
0.59546
0.34332
0.42889
0.3035
0.64562
0.29501
0.36163
0.20714
0.48356
0.22767
0.36088
0.49387
0.21363
0.27713
0.34346
0.28205
0.41117
0.28315
0.52406
0.44392
0.62567
0.5986
0.40787
0.3241
0.30258
0.097239
0.47133
0.45209
0.40449
0.40831
0.46752
0.30032
0.2834
0.43519
0.39252
0.4347
0.39923
0.48768
0.28652
0.20017
0.57779
0.24804
0.54983
0.40927
0.71143
0.39624
0.20484
0.30076
0.86109
0.40084
0.26004
0.14991
0.3823
0.20026
0.11222
0.61405
0.4454
0.53087
0.26782
0.24444
0.31671
0.41662
0.31897
0.60604
0.51167
0.32924
0.43919
0.27565
0.47388
0.50848
0.31527
0.75044
0.33531
0.18742
0.46814
0.18777
0.75048
0.43178
0.43778
0.31091
0.51719
0.22598
0.3395
0.57479
0.45842
0.45444
0.50766
0.42704
0.2353
0.48212
0.36796
0.15999
0.2033
0.37832
0.18995
0.2853
0.37121
0.33871
0.58276
0.25792
0.48589
0.54145
0.082296
0.25185
0.1212
0.29297
0.34779
0.75168
0.68269
0.36651
0.14464
0.58805
0.47516
0.27216
0.46355
0.43586
0.65796
0.30411
0.45113
0.49652
0.29649
0.34973
0.095903
0.33061
0.31403
0.30718
0.4492
0.7331
0.50445
0.27305
0.42996
0.17789
1.1127
0.23655
0.26629
0.38364
0.28195
0.54558
0.57329
0.33305
0.43718
0.21733
0.47664
0.22182
0.28153
0.33714
0.56743
0.71631
0.14314
0.40638
0.12626
0.383
0.15351
0.36479
0.72273
0.64654
0.23765
0.34661
0.44128
0.4935
0.29941
0.32596
0.66569
0.53402
0.36523
0.61532
0.58735
0.29357
0.94884
0.51743
0.87222
0.39305
0.3861
0.22923
0.62798
0.42713
0.27298
0.097563
0.7237
0.26939
0.35116
0.4285
0.62888
0.25273
0.59743
0.39685
0.44711
0.39251
0.37672
0.14632
1.1028
1.3482
0.56964
0.29134
0.51328
0.53642
0.75202
0.35003
0.44776
0.21878
0.42358
0.68492
0.24862
0.32658
0.22269
0.21126
0.56745
0.18911
0.49074
0.32365
0.28216
0.24349
0.26588
0.50432
0.9444
0.56319
0.39281
0.47861
0.5328
0.24483
0.20749
0.20112
0.40786
0.34195
0.12086
0.66144
0.26766
0.49615
0.43462
0.586
0.64198
0.18268
0.42154
0.35209
0.26622
0.40559
0.29471
0.11656
0.4941
0.63204
0.48345
0.28819
0.71534
0.30488
0.17175
0.4654
0.74109
0.4736
0.31564
0.18855
0.85363
0.34732
0.26133
0.23156
0.15988
0.50671
0.70637
0.11394
0.16585
0.45121
0.56232
0.1869
0.2595
0.33649
0.36576
0.33341
0.28363
0.14989
0.27466
0.63443
0.39617
0.34591
0.19349
0.42565
0.29869
0.25448
0.28141
0.31542
0.38158
0.31786
0.49953
0.40164
0.6299
0.35658
0.32968
0.39383
0.22307
0.78373
0.34598
0.52069
0.35923
0.46336
0.20985
0.33484
0.38666
0.41567
0.27044
0.42089
0.36438
0.35598
0.26298
0.55913
0.22487
0.60937
0.43713
0.71218
0.47283
0.56222
0.60422
0.3354
0.42401
0.26575
0.17452
0.29326
0.30997
0.29095
0.64182
0.3789
0.50443
0.22769
0.35939
0.37848
0.36812
0.2176
0.39403
0.54558
0.5668
0.29269
0.53715
0.093985
0.27189
0.26755
0.6289
0.2916
0.18016
0.34432
0.27782
0.29452
0.52291
0.53258
0.48531
0.36451
0.43313
0.33145
0.17648
0.21624
0.43594
0.29537
0.27105
0.40514
0.49966
0.41487
0.38801
0.54472
0.36707
0.28537
0.3421
0.44495
0.31794
0.24261
0.42973
0.28814
0.7262
0.57645
0.22335
0.51452
0.46671
0.27427
0.52455
0.43511
0.4397
0.94692
0.38778
0.51547
0.37841
0.57128
0.35207
0.239
0.52879
0.34709
0.52498
0.67547
0.57576
0.51369
0.58678
0.63592
0.40288
0.13629
0.41829
0.55707
0.70257
0.44462
0.13553
0.44387
0.28177
0.28409
0.39882
1.1084
0.57811
0.37956
0.23583
0.30619
0.3266
0.32686
0.24351
0.23178
0.3555
0.30524
0.3086
0.36847
0.28897
0.37628
0.22057
0.49586
1.0395
0.31257
0.25618
0.45349
0.65038
0.39869
0.22465
0.48852
0.3665
0.28483
0.36816
0.27886
0.64299
0.23767
0.45013
0.25611
0.44359
0.29152
0.35135
0.42779
0.11927
0.27663
0.3702
0.51263
0.64799
0.14745
0.20018
0.22255
0.39974
1.045
0.32848
0.44289
0.46374
0.68843
0.36377
0.17854
0.3592
0.56485
0.37238
0.42234
0.2488
0.41986
0.49448
0.33441
0.41123
0.35388
0.3837
0.42899
0.17322
0.43255
0.17902
0.44304
0.29825
0.33719
0.20291
0.34749
0.69657
0.62089
0.45323
1.2356
0.38507
0.38994
0.28395
0.5121
0.4047
0.40808
0.61618
0.36233
0.32376
0.32083
0.19538
0.57369
0.34301
0.24692
0.27129
0.57894
0.54083
0.32694
0.2258
0.19003
0.19264
0.30245
0.46379
1.2745
0.45414
0.48817
0.33886
0.73086
0.76687
0.50488
0.47992
0.33895
0.51069
0.36819
0.40137
0.5305
0.26726
0.44788
0.26537
0.24927
0.44713
0.11901
0.45574
0.26621
0.38189
0.37309
0.308
0.24325
0.16832
0.41102
0.61638
0.36646
0.71368
0.11301
0.34604
0.35773
0.52576
0.20451
0.576
0.46324
0.30652
0.31343
0.10239
0.53006
0.5015
0.32885
0.67415
0.41966
0.18557
0.48163
0.12577
0.50623
0.31276
0.55681
0.18431
0.3072
0.31301
0.38741
0.52625
0.35284
0.48452
0.72412
0.20968
0.42221
0.57728
0.077196
0.51718
0.28597
0.33073
0.4352
0.32733
0.76118
0.52666
0.44646
0.16044
0.49478
0.53123
0.26421
0.25236
0.18867
0.095337
0.45513
0.48063
0.43294
0.24554
0.46639
0.55818
0.35118
0.32852
0.36933
0.45178
0.52503
0.32018
0.35146
0.47838
0.15619
0.61161
0.54108
0.51094
0.31046
0.45297
0.41948
0.33565
0.27789
0.47761
0.46114
0.23888
0.25817
0.45518
0.26081
0.43635
0.31521
0.93748
0.91037
0.23341
1.715
0.6025
0.56708
0.41535
0.75328
0.18659
0.45373
0.55814
0.4765
0.28703
0.26409
0.15028
0.21518
0.45599
0.174
0.71759
0.19667
0.41294
0.29464
0.37764
0.080986
0.53424
0.54977
0.25252
0.38808
0.4978
0.54089
0.31461
0.47453
0.25029
0.30471
0.51695
0.47944
0.30414
0.24037
0.47453
0.5594
0.18461
0.17355
0.47988
0.1091
0.14914
0.32053
0.30655
0.52538
0.23489
0.58404
0.25936
0.37558
0.34329
0.30592
0.36119
0.55473
0.26116
0.35665
0.31746
0.8036
0.26196
0.3589
0.42478
0.23513
0.38542
0.27811
0.85717
0.27646
0.22829
0.28814
0.2574
0.5828
0.10112
0.69439
0.5586
0.36956
0.50915
0.67392
0.39142
0.55113
0.65838
0.38273
0.44406
0.36719
0.5787
0.31432
0.4937
0.28866
0.24396
0.55978
0.275
0.11755
0.80735
0.28814
0.31659
0.49987
0.54033
0.54021
0.1808
0.11827
0.50762
0.44382
0.57964
0.16624
0.58833
0.20848
0.28823
0.3932
0.31984
0.28295
0.40016
0.29191
0.40853
0.25829
0.385
0.27998
0.40688
0.31511
0.18774
0.41787
0.5097
0.64675
0.56591
0.50508
0.33281
0.50128
0.38612
0.16011
0.47999
0.51107
0.42038
0.28189
0.33388
0.94695
0.28113
0.26383
0.453
0.56156
0.25517
0.13963
0.63715
0.61185
0.24516
0.20341
0.33068
0.5031
0.62858
0.40885
0.40419
0.56527
0.38682
0.7435
0.49039
0.27715
0.34349
0.80027
0.30381
0.2969
0.26286
0.43067
0.26293
0.37031
0.24493
0.42071
0.3317
0.79896
0.55994
0.19307
0.57301
0.29662
0.37756
0.26108
0.25548
0.25708
0.4042
0.40246
0.48049
0.44635
0.48953
0.44241
0.48185
0.28587
0.16158
0.18899
0.3819
0.37804
0.53163
0.26577
0.396
0.23287
0.30525
0.24684
0.5466
0.3382
0.35639
0.36483
0.29451
0.50624
0.80561
0.25434
0.23685
0.31092
0.44377
0.92052
0.51408
0.45166
0.48465
0.46853
0.57831
0.54338
0.48584
0.62375
0.16193
0.41605
0.48364
0.40872
0.49464
0.22362
0.18958
0.45266
0.2594
0.11056
0.2943
0.16841
0.42754
0.32425
0.46296
0.53705
0.19971
0.21477
0.41556
0.25671
0.55181
0.41032
0.45219
0.48602
0.45694
0.18314
0.44827
0.20766
0.29005
0.25455
0.60489
0.3143
0.29452
0.29506
0.41528
0.39317
0.43034
0.34761
0.30616
0.23611
0.5086
0.10819
0.53405
0.3927
0.3309
0.21875
0.37779
0.54551
0.14083
0.61062
0.56252
0.15557
0.23735
0.19486
0.27532
0.36417
0.27062
0.49433
0.44728
0.19573
0.36113
0.37521
0.52699
0.44569
0.11443
0.20868
0.20316
0.33537
0.30865
0.31289
0.42937
0.40678
0.45833
0.23373
0.26679
0.21272
0.54747
0.18797
0.45872
0.36348
0.41321
0.9757
0.41872
0.38344
0.18834
0.3716
0.46314
0.21874
0.3581
0.3132
0.86956
0.23066
0.67807
0.25181
0.48229
0.30361
0.35425
0.51474
0.27081
0.46199
0.35699
0.33621
0.37097
0.65429
0.53493
0.43399
0.52497
0.48332
0.535
0.51659
0.60886
0.45196
0.51897
0.57365
0.62611
0.36289
0.48106
0.23106
0.31126
0.39142
0.32431
0.51108
0.27433
0.41397
0.43235
0.6485
0.20243
0.35434
0.40361
0.40107
0.40306
0.42782
0.31303
0.33005
0.48426
0.32861
0.46806
0.24667
0.22781
0.3663
0.13508
0.41566
0.32968
0.70372
0.5995
0.47589
0.1517
0.55031
0.13738
0.348
0.61067
0.3334
0.17921
0.38189
0.52172
0.47984
0.37264
0.38148
0.50428
0.33046
0.46129
0.46853
0.34765
0.41642
0.20382
0.46605
0.6638
0.42479
0.34397
0.11711
0.28899
0.33013
0.19492
0.45631
0.28071
0.61268
0.8498
0.19931
0.68629
0.78346
0.38357
0.55709
0.18002
0.50018
0.37331
0.3511
0.6504
0.50723
0.40289
0.48996
0.45826
0.33778
0.57979
0.65344
0.36217
0.47324
0.42809
0.34465
0.30096
0.22618
0.32759
0.63783
0.34339
0.18622
0.47647
0.56344
0.30577
0.54432
0.21013
0.19305
0.52164
0.43981
0.34348
0.22337
0.48583
0.50182
0.53444
0.8016
0.25973
0.25065
0.44752
0.38398
0.63275
0.8382
0.65065
0.54701
0.67226
0.33468
0.43822
0.22463
0.34445
0.53013
0.54648
0.8125
0.38645
0.64847
0.17951
0.70447
0.34256
0.45044
0.52536
0.50222
0.59375
0.4536
0.16413
0.50139
0.23438
0.44924
0.24707
0.21221
0.42237
0.45044
0.55213
0.49143
0.40251
0.29139
0.46669
0.47385
0.38053
0.95062
0.34806
0.41615
0.22815
0.44841
0.53795
0.38101
0.19394
0.24239
0.48991
0.4427
0.42566
0.37756
0.2132
0.56363
0.61471
0.59351
0.29962
0.40358
0.30976
0.52591
0.34849
0.30831
0.59469
0.52509
0.35642
0.50801
0.46609
0.27507
0.54388
0.2983
0.65311
0.8185
0.18576
0.44671
0.5284
0.44571
0.58896
0.60381
0.48667
0.26287
0.29483
0.2016
0.3609
0.52368
0.56383
0.47012
0.40992
0.33373
0.54096
1.5091
0.53017
0.35968
0.56345
0.45062
0.46651
0.48023
0.38389
0.37144
0.15443
0.63548
0.26576
0.38532
0.51651
0.31388
0.19175
0.73191
0.6941
0.27427
0.51383
0.35885
0.48207
0.57285
0.21867
1.4402
0.12708
0.41583
0.24448
0.5566
0.49385
0.19935
0.43757
0.16808
0.40242
0.19454
0.32899
0.73744
0.37406
0.33415
0.504
0.55561
0.30397
0.50145
0.62664
0.30432
0.69744
0.41454
0.7308
0.27714
0.51778
0.80911
0.24109
0.59177
0.19331
0.46583
0.22693
0.83019
0.58175
0.2296
0.5104
0.29421
0.28869
0.37873
0.2234
0.36048
0.37746
0.57744
0.62412
0.71093
0.18133
0.14136
0.92155
0.26496
0.17715
0.11757
0.35684
0.2296
0.2871
0.25964
0.60298
0.35185
0.42178
0.32533
0.41592
0.4284
0.30259
0.36669
0.15226
0.46913
0.28404
0.55476
0.31758
0.21606
0.17664
0.32801
0.46291
0.41364
0.39949
0.11505
0.43929
0.51282
0.71487
0.085818
0.28203
0.44462
0.60378
0.30591
0.11404
0.47896
1.1232
0.49012
0.24604
0.30544
0.2053
0.41258
0.56326
0.54384
0.23274
0.37375
0.29896
0.21428
0.2707
0.26436
0.22019
0.18469
0.36292
0.44701
0.31212
0.16325
0.45326
0.45112
0.4645
0.28785
0.43082
0.50376
0.39931
0.31145
0.63239
0.56421
0.18909
0.56397
0.32711
0.20088
0.22824
0.44914
0.55029
0.38484
0.39807
0.30286
0.34661
0.16956
0.14663
0.61306
0.38934
0.38347
0.43572
0.26517
0.37099
0.4796
0.34948
0.40163
0.32455
0.5897
0.376
0.33254
0.14949
0.25674
0.19973
0.43381
0.49867
0.40462
0.46003
0.48534
0.63299
0.1722
0.20623
0.53327
0.28828
0.097543
0.43321
0.47319
0.14062
0.57996
0.69291
0.57095
0.43873
0.51464
0.24346
0.30367
0.13641
0.28747
0.72232
0.39403
0.61756
0.15168
0.24297
0.61438
0.44047
0.27231
0.10272
0.29415
0.31972
0.54768
0.42043
0.69521
0.23874
0.19738
0.36577
0.28775
0.36604
0.73273
1.0661
0.48576
0.54266
0.89759
0.26319
0.14273
0.35936
0.39739
0.35602
0.49562
0.53464
0.62149
0.67092
0.21728
0.59391
0.62814
0.33832
0.56236
0.15475
0.25328
0.44054
0.51395
0.35958
0.42862
0.302
0.2424
0.4008
0.5227
0.39803
0.40533
0.12171
0.58592
0.39399
0.15132
0.20961
0.4589
0.48121
0.58887
0.49029
0.39367
0.41622
0.29243
0.34703
0.43972
0.30338
0.41598
0.38779
0.53941
0.15224
0.33948
0.61786
0.27238
0.24727
0.49536
0.36111
0.55637
0.33626
0.4971
0.26277
0.358
0.27784
0.38905
0.50703
0.33595
0.59548
0.16493
0.37711
0.21262
0.39045
0.55271
0.36378
0.56473
0.70779
0.47957
0.48737
1.0129
0.37151
0.34685
0.23277
0.59224
0.62733
0.1817
0.17347
0.46768
0.43196
0.24617
0.46953
0.43149
0.24565
0.14515
0.25183
0.49115
0.5132
0.29129
0.4753
0.59857
0.26193
0.38
1.07
0.45287
0.23726
0.77391
0.27776
0.49749
0.76508
0.28464
0.31408
0.60479
0.18419
0.27793
0.44084
0.75989
0.1307
0.58609
0.50728
0.49268
0.73545
0.36131
0.1892
0.36272
0.50407
0.60727
1.0039
0.37545
0.35397
0.21488
0.47212
0.30349
0.33637
0.4942
0.39892
0.45383
0.4199
0.39911
0.33912
0.48187
0.32173
0.45194
0.10105
0.41747
0.57908
0.55623
0.53757
0.2668
0.28115
0.26801
0.51255
0.49928
0.11274
0.20098
0.5512
0.37007
0.28508
0.28423
0.18263
0.92508
0.2178
0.1689
0.2419
0.48442
0.95205
0.23748
0.4278
0.37096
0.61176
0.57376
0.5894
0.18641
0.4024
0.59178
0.3869
0.36694
0.29019
0.28688
0.28703
0.33709
0.59279
0.45382
0.78515
0.77864
0.25094
0.27278
0.4081
0.30372
0.10107
0.28529
0.62004
0.63353
0.20209
0.31772
0.75934
0.20479
0.38337
0.55446
0.33766
0.2596
0.41189
0.30345
0.32016
0.4613
0.46071
0.63631
0.3896
0.31103
0.32533
0.41544
0.48633
